655 147
656 146
657 146
658 146
659 146
660 145
661 145
662 145
663 145
664 145
665 145
666 145
667 145
668 144
669 144
670 144
671 144
672 143
673 143
674 142
675 142
676 141
677 141
678 140
679 140
680 140
681 139
682 139
683 137
684 137
685 136
686 135
687 134
688 134
689 134
690 133
691 132
692 132
693 132
694 131
695 131
696 130
697 130
698 130
699 129
700 129
701 129
702 129
703 129
704 128
705 128
706 128
707 128
708 128
709 128
710 128
711 128
712 128
713 128
714 128
715 128
716 128
717 128
718 128
719 128
720 128
721 128
722 128
723 127
724 127
725 127
726 127
727 127
728 127
729 126
730 126
731 125
732 125
733 125
734 124
735 124
736 124
737 124
738 125
739 125
740 126
741 126
742 126
743 126
744 126
745 126
746 126
747 126
748 126
749 126
750 126
751 126
752 126
753 126
754 126
755 126
756 126
757 126
758 125
759 125
